195701195712    4.11
195801195812    4.41
195901195912    4.27
196001196012    4.56
196101196112    4.18
196201196212    4.31
196301196312    4.45
196401196412    4.60
196501196512    4.22
196601196612    4.38
196701196712    3.99
196801196812    4.50
196901196912    4.47
197001197012    4.54
197101197112    4.74
197201197212    2.51
197301197312    4.54
197401197412    4.66
197501197512    4.61
197601197612    4.34
197701197712    4.31
197801197812    4.75
197901197912    4.55
198001198012    4.32
198101198112    4.34
198201198212    3.98
198301198312    4.67
198401198412    4.36
198501198512    4.43
198601198612    4.54
198701198712    4.43
198801198812    4.44
198901198912    4.53
199001199012    4.47
199101199112    4.45
199201199212    4.94
199301199312    4.44
199401199412    4.33
199501199512    4.66
199601199612    4.53
199701199712    4.22
199801199812    4.31
199901199912    4.21
200001200012    4.35
200101200112    4.49
200201200212    4.11
200301200312    4.11
200401200412    4.27
200501200512    4.29
200601200612    3.93
200701200712    4.11
200801200812    4.38
200901200912    4.31
201001201012    4.74
201101201112    4.66
201201201212    4.68
201301201312    4.55
201401201412    4.37
