191001191012   -0.20
191101191112   -0.48
191201191212   -0.26
191301191312   -0.46
191401191412    0.64
191501191512   -0.29
191601191612   -0.55
191701191712   -0.60
191801191812   -0.19
191901191912    0.35
192001192012   -0.23
192101192112    0.41
192201192212   -0.26
192301192312   -0.24
192401192412   -1.19
192501192512   -0.57
192601192612   -0.23
192701192712   -0.52
192801192812   -0.10
192901192912   -0.97
193001193012    0.14
193101193112   -0.75
193201193212   -0.59
193301193312   -0.52
193401193412    0.06
193501193512   -0.59
193601193612   -0.49
193701193712   -0.13
193801193812    0.22
193901193912   -0.01
194001194012   -0.28
194101194112   -0.43
194201194212    0.18
194301194312   -0.85
194401194412   -0.61
194501194512   -0.67
194601194612   -0.95
194701194712   -0.13
194801194812   -0.78
194901194912   -1.11
195001195012   -0.17
195101195112   -0.12
195201195212   -0.75
195301195312   -0.49
195401195412   -0.51
195501195512   -0.40
195601195612   -0.80
195701195712   -0.59
195801195812   -0.58
195901195912    0.21
196001196012   -0.46
196101196112    0.42
196201196212   -0.09
196301196312    0.01
196401196412   -0.74
196501196512   -0.24
196601196612   -0.55
196701196712   -0.05
196801196812    0.01
196901196912   -0.31
197001197012   -0.52
197101197112   -0.10
197201197212    0.14
197301197312    0.18
197401197412    0.02
197501197512    0.29
197601197612   -0.30
197701197712   -0.09
197801197812   -0.10
197901197912    0.23
198001198012    0.38
198101198112    0.55
198201198212    0.34
198301198312    0.16
198401198412   -0.48
198501198512    0.01
198601198612   -0.49
198701198712   -0.16
198801198812    0.82
198901198912    0.18
199001199012    0.50
199101199112    0.24
199201199212   -0.38
199301199312    0.16
199401199412   -0.00
199501199512   -0.41
199601199612   -0.49
199701199712    0.27
199801199812    0.05
199901199912    0.47
200001200012    0.56
200101200112    0.51
200201200212    0.44
200301200312    0.31
200401200412    0.12
200501200512    0.52
200601200612    0.36
200701200712    1.20
200801200812    0.40
200901200912    1.06
201001201012    0.44
201101201112    0.53
201201201212    0.44
201301201312    1.04
201401201412    1.15
201501201512    0.76
201601201612    0.90
