197501197512 1398.68
197601197612 1466.04
197701197712 1581.25
197801197812 1419.04
197901197912 1496.05
198001198012 1585.51
198101198112 1549.61
198201198212 1696.18
198301198312 1487.13
198401198412 1400.98
198501198512 1443.86
198601198612 1377.63
198701198712 1442.26
198801198812 1450.88
198901198912 1330.75
199001199012 1451.83
199101199112 1412.76
199201199212 1198.91
199301199312 1263.50
199401199412 1426.07
199501199512 1367.18
199601199612 1369.20
199701199712 1516.27
199801199812 1469.31
199901199912 1402.23
200001200012 1433.38
200101200112 1391.74
200201200212 1554.03
200301200312 1498.89
200401200412 1477.80
200501200512 1501.53
200601200612 1649.93
200701200712 1602.39
200801200812 1549.12
200901200912 1601.94
201001201012 1348.04
201101201112 1271.33
201201201212 1454.39
201301201312 1519.50
201401201412 1509.34
201501201512 1493.26
201601201612 1355.27
