195701195712    4.24
195801195812    4.58
195901195912    4.41
196001196012    4.78
196101196112    4.37
196201196212    4.47
196301196312    4.58
196401196412    4.79
196501196512    4.34
196601196612    4.59
196701196712    4.07
196801196812    4.72
196901196912    4.59
197001197012    4.74
197101197112    4.83
197201197212    4.01
197301197312    4.71
197401197412    4.88
197501197512    4.76
197601197612    4.56
197701197712    4.45
197801197812    4.86
197901197912    4.70
198001198012    4.45
198101198112    4.49
198201198212    4.05
198301198312    4.83
198401198412    4.55
198501198512    4.59
198601198612    4.65
198701198712    4.52
198801198812    4.58
198901198912    4.68
199001199012    4.61
199101199112    4.54
199201199212    5.06
199301199312    4.62
199401199412    4.47
199501199512    4.79
199601199612    4.69
199701199712    4.35
199801199812    4.45
199901199912    4.41
200001200012    4.55
200101200112    4.66
200201200212    4.27
200301200312    4.24
200401200412    4.43
200501200512    4.38
200601200612    3.96
200701200712    4.20
200801200812    4.42
200901200912    4.39
201001201012    4.91
201101201112    4.74
201201201212    4.82
201301201312    4.68
201401201412    4.49
