191001191012   -0.21
191101191112   -0.35
191201191212   -0.26
191301191312   -0.64
191401191412    0.07
191501191512   -0.22
191601191612   -0.38
191701191712   -0.29
191801191812   -0.15
191901191912   -0.01
192001192012   -0.06
192101192112    0.31
192201192212   -0.54
192301192312   -0.36
192401192412   -1.08
192501192512   -0.83
192601192612   -0.28
192701192712   -0.90
192801192812   -0.19
192901192912   -1.22
193001193012   -0.08
193101193112   -0.60
193201193212   -0.64
193301193312   -0.73
193401193412   -0.06
193501193512   -0.78
193601193612   -0.60
193701193712   -0.25
193801193812   -0.18
193901193912    0.14
194001194012   -0.81
194101194112   -0.49
194201194212    0.31
194301194312   -0.96
194401194412   -1.04
194501194512   -0.77
194601194612   -0.84
194701194712    0.06
194801194812   -0.78
194901194912   -0.96
195001195012   -0.17
195101195112    0.01
195201195212   -0.54
195301195312   -0.67
195401195412   -0.73
195501195512   -0.07
195601195612   -0.29
195701195712   -1.14
195801195812   -0.52
195901195912   -0.11
196001196012   -0.29
196101196112    0.21
196201196212   -0.14
196301196312    0.20
196401196412   -0.67
196501196512   -0.64
196601196612   -0.59
196701196712   -0.59
196801196812    0.14
196901196912   -0.28
197001197012   -0.40
197101197112    0.05
197201197212   -0.28
197301197312    0.50
197401197412    0.61
197501197512    0.47
197601197612   -0.34
197701197712   -0.39
197801197812    0.15
197901197912    0.11
198001198012    0.10
198101198112    0.67
198201198212   -0.25
198301198312    0.42
198401198412   -0.51
198501198512    0.05
198601198612   -0.38
198701198712   -0.35
198801198812    0.91
198901198912    0.41
199001199012    0.56
199101199112    0.23
199201199212    0.14
199301199312    0.21
199401199412   -0.37
199501199512   -0.19
199601199612   -0.35
199701199712   -0.10
199801199812   -0.12
199901199912    0.34
200001200012    0.54
200101200112    0.48
200201200212   -0.05
200301200312    0.21
200401200412   -0.07
200501200512    0.23
200601200612   -0.31
200701200712    0.96
200801200812    0.22
200901200912    0.74
201001201012    0.61
201101201112    0.67
201201201212    0.22
201301201312    0.77
201401201412    0.77
201501201512    0.52
201601201612    1.06
