195701195712    4.35
195801195812    4.73
195901195912    4.54
196001196012    4.99
196101196112    4.54
196201196212    4.62
196301196312    4.70
196401196412    4.97
196501196512    4.45
196601196612    4.79
196701196712    4.14
196801196812    4.94
196901196912    4.69
197001197012    4.93
197101197112    4.96
197201197212    4.16
197301197312    4.86
197401197412    5.08
197501197512    4.90
197601197612    4.78
197701197712    4.59
197801197812    4.97
197901197912    4.82
198001198012    4.55
198101198112    4.64
198201198212    4.10
198301198312    4.97
198401198412    4.73
198501198512    4.75
198601198612    4.76
198701198712    4.61
198801198812    4.72
198901198912    4.82
199001199012    4.73
199101199112    4.61
199201199212    5.15
199301199312    4.79
199401199412    4.58
199501199512    4.92
199601199612    4.83
199701199712    4.47
199801199812    4.57
199901199912    4.61
200001200012    4.75
200101200112    4.83
200201200212    4.41
200301200312    4.36
200401200412    4.58
200501200512    4.48
200601200612    4.01
200701200712    4.31
200801200812    4.49
200901200912    4.50
201001201012    5.10
201101201112    4.82
201201201212    4.96
201301201312    4.82
201401201412    4.63
