191001191012    0.02
191101191112   -0.27
191201191212   -0.01
191301191312    0.36
191401191412    1.14
191501191512   -0.15
191601191612   -0.35
191701191712   -0.61
191801191812   -0.09
191901191912    0.71
192001192012   -0.36
192101192112    0.19
192201192212    0.54
192301192312    0.23
192401192412   -0.24
192501192512    0.52
192601192612    0.09
192701192712    0.74
192801192812    0.17
192901192912    0.49
193001193012    0.44
193101193112   -0.30
193201193212    0.09
193301193312    0.41
193401193412    0.23
193501193512    0.37
193601193612    0.21
193701193712    0.23
193801193812    0.80
193901193912   -0.31
194001194012    1.05
194101194112    0.10
194201194212   -0.28
194301194312    0.20
194401194412    0.86
194501194512    0.19
194601194612   -0.24
194701194712   -0.38
194801194812   -0.01
194901194912   -0.31
195001195012    0.00
195101195112   -0.26
195201195212   -0.43
195301195312    0.36
195401195412    0.44
195501195512   -0.66
195601195612   -1.03
195701195712    1.08
195801195812   -0.14
195901195912    0.62
196001196012   -0.36
196101196112    0.40
196201196212    0.09
196301196312   -0.39
196401196412   -0.14
196501196512    0.78
196601196612    0.09
196701196712    1.07
196801196812   -0.26
196901196912   -0.08
197001197012   -0.26
197101197112   -0.32
197201197212    0.83
197301197312   -0.65
197401197412   -1.17
197501197512   -0.38
197601197612    0.06
197701197712    0.60
197801197812   -0.52
197901197912    0.22
198001198012    0.56
198101198112   -0.24
198201198212    1.17
198301198312   -0.54
198401198412    0.05
198501198512   -0.08
198601198612   -0.22
198701198712    0.37
198801198812   -0.17
198901198912   -0.45
199001199012   -0.11
199101199112    0.02
199201199212   -1.02
199301199312   -0.11
199401199412    0.72
199501199512   -0.45
199601199612   -0.28
199701199712    0.73
199801199812    0.33
199901199912    0.24
200001200012    0.02
200101200112    0.04
200201200212    0.98
200301200312    0.19
200401200412    0.38
200501200512    0.58
200601200612    1.34
200701200712    0.46
200801200812    0.35
200901200912    0.64
201001201012   -0.34
201101201112   -0.29
201201201212    0.43
201301201312    0.53
201401201412    0.75
