191001191012   -0.20
191101191112   -0.62
191201191212   -0.28
191301191312   -0.28
191401191412    1.21
191501191512   -0.38
191601191612   -0.73
191701191712   -0.92
191801191812   -0.25
191901191912    0.70
192001192012   -0.42
192101192112    0.50
192201192212   -0.00
192301192312   -0.13
192401192412   -1.32
192501192512   -0.32
192601192612   -0.19
192701192712   -0.16
192801192812   -0.03
192901192912   -0.73
193001193012    0.35
193101193112   -0.90
193201193212   -0.55
193301193312   -0.32
193401193412    0.16
193501193512   -0.41
193601193612   -0.40
193701193712   -0.02
193801193812    0.62
193901193912   -0.17
194001194012    0.25
194101194112   -0.39
194201194212    0.03
194301194312   -0.76
194401194412   -0.19
194501194512   -0.58
194601194612   -1.08
194701194712   -0.34
194801194812   -0.80
194901194912   -1.27
195001195012   -0.18
195101195112   -0.25
195201195212   -0.98
195301195312   -0.31
195401195412   -0.30
195501195512   -0.74
195601195612   -1.33
195701195712   -0.06
195801195812   -0.66
195901195912    0.51
196001196012   -0.65
196101196112    0.61
196201196212   -0.05
196301196312   -0.20
196401196412   -0.82
196501196512    0.14
196601196612   -0.51
196701196712    0.48
196801196812   -0.13
196901196912   -0.36
197001197012   -0.67
197101197112   -0.27
197201197212    0.55
197301197312   -0.15
197401197412   -0.57
197501197512    0.09
197601197612   -0.28
197701197712    0.20
197801197812   -0.37
197901197912    0.33
198001198012    0.66
198101198112    0.42
198201198212    0.92
198301198312   -0.12
198401198412   -0.47
198501198512   -0.04
198601198612   -0.61
198701198712    0.01
198801198812    0.74
198901198912   -0.05
199001199012    0.44
199101199112    0.25
199201199212   -0.90
199301199312    0.09
199401199412    0.36
199501199512   -0.65
199601199612   -0.64
199701199712    0.63
199801199812    0.20
199901199912    0.58
200001200012    0.56
200101200112    0.52
200201200212    0.93
200301200312    0.40
200401200412    0.31
200501200512    0.81
200601200612    1.02
200701200712    1.42
200801200812    0.56
200901200912    1.37
201001201012    0.26
201101201112    0.38
201201201212    0.65
201301201312    1.30
201401201412    1.53
201501201512    0.99
201601201612    0.74
