190001190012   21.69
190101190112  -61.50
190201190212 -161.04
190301190312   74.39
190401190412  -30.27
190501190512    4.00
190601190612   95.53
190701190712 -105.23
190801190812 -119.92
190901190912   60.52
191001191012   38.88
191101191112   76.45
191201191212  -73.62
191301191312  -44.94
191401191412 -257.81
191501191512  -57.48
191601191612  147.50
191701191712  169.21
191801191812  -16.59
191901191912  -68.02
192001192012    5.55
192101192112   22.23
192201192212  -96.92
192301192312   13.85
192401192412  100.45
192501192512 -122.09
192601192612  -56.85
192701192712 -160.44
192801192812   19.95
192901192912  -86.98
193001193012   19.75
193101193112   44.77
193201193212   35.53
193301193312  -12.51
193401193412   71.81
193501193512   39.97
193601193612   22.62
193701193712 -116.39
193801193812 -234.75
193901193912  142.82
194001194012 -217.29
194101194112  -28.64
194201194212   41.60
194301194312 -140.73
194401194412 -218.42
194501194512 -117.30
194601194612   97.30
194701194712   73.44
194801194812  -48.72
194901194912    4.93
195001195012   36.64
195101195112   75.68
195201195212  216.27
195301195312   10.77
195401195412   -3.38
195501195512  130.45
195601195612  242.04
195701195712 -110.08
195801195812   23.92
195901195912  -76.42
196001196012  140.62
196101196112  -72.04
196201196212  -35.98
196301196312    9.81
196401196412  123.31
196501196512 -126.93
196601196612   54.30
196701196712 -297.41
196801196812   40.70
196901196912    1.53
197001197012  113.87
197101197112   81.34
197201197212 -184.29
197301197312  264.34
197401197412  242.47
197501197512  103.07
197601197612 -104.32
197701197712 -121.63
197801197812  144.88
197901197912  -59.78
198001198012  -52.97
198101198112   40.41
198201198212 -295.73
198301198312   89.73
198401198412  -21.47
198501198512   12.78
198601198612    1.24
198701198712  -43.09
198801198812   52.38
198901198912   59.84
199001199012  -20.32
199101199112    2.74
199201199212  189.66
199301199312   99.91
199401199412 -170.95
199501199512   57.51
199601199612   48.89
199701199712 -195.17
199801199812  -46.85
199901199912  -56.03
200001200012    7.75
200101200112  -39.54
200201200212 -194.08
200301200312  -40.29
200401200412  -76.99
200501200512  -33.27
200601200612 -294.46
200701200712  -45.00
200801200812 -149.03
200901200912 -123.80
201001201012  205.66
201101201112  140.06
201201201212  -28.86
201301201312  -49.43
201401201412 -110.10
201501201512 -153.03
201601201612  127.69
