190001190012  681.93
190101190112  598.74
190201190212  499.20
190301190312  734.63
190401190412  629.97
190501190512  664.24
190601190612  755.77
190701190712  555.01
190801190812  540.32
190901190912  720.76
191001191012  699.12
191101191112  736.69
191201191212  586.62
191301191312  615.30
191401191412  402.43
191501191512  602.76
191601191612  807.74
191701191712  829.45
191801191812  643.65
191901191912  592.22
192001192012  665.79
192101192112  682.47
192201192212  563.32
192301192312  674.09
192401192412  760.69
192501192512  538.15
192601192612  603.39
192701192712  499.80
192801192812  680.19
192901192912  573.26
193001193012  679.99
193101193112  705.01
193201193212  695.77
193301193312  647.73
193401193412  732.05
193501193512  700.21
193601193612  682.86
193701193712  543.85
193801193812  425.49
193901193912  803.06
194001194012  442.95
194101194112  631.60
194201194212  701.84
194301194312  519.51
194401194412  441.82
194501194512  542.94
194601194612  757.54
194701194712  733.68
194801194812  611.52
194901194912  665.17
195001195012  696.88
195101195112  735.92
195201195212  876.51
195301195312  671.01
195401195412  656.86
195501195512  790.69
195601195612  902.28
195701195712  550.16
195801195812  684.16
195901195912  583.82
196001196012  800.86
196101196112  588.20
196201196212  624.26
196301196312  670.05
196401196412  783.55
196501196512  533.31
196601196612  714.54
196701196712  362.83
196801196812  700.94
196901196912  661.77
197001197012  774.11
197101197112  741.58
197201197212  475.95
197301197312  924.58
197401197412  902.71
197501197512  763.31
197601197612  555.92
197701197712  538.61
197801197812  805.12
197901197912  600.46
198001198012  607.27
198101198112  700.65
198201198212  364.51
198301198312  749.97
198401198412  638.77
198501198512  673.02
198601198612  661.48
198701198712  617.15
198801198812  712.62
198901198912  720.08
199001199012  639.92
199101199112  662.98
199201199212  849.90
199301199312  760.15
199401199412  489.29
199501199512  717.75
199601199612  709.13
199701199712  465.07
199801199812  613.39
199901199912  604.21
200001200012  667.99
200101200112  620.70
200201200212  466.16
200301200312  619.95
200401200412  583.25
200501200512  626.97
200601200612  365.78
200701200712  615.24
200801200812  511.21
200901200912  536.44
201001201012  865.90
201101201112  800.30
201201201212  631.38
201301201312  610.81
201401201412  550.14
201501201512  507.21
201601201612  787.93
